##練習

###練習1
Hello World!を100回表示するプログラム、Hello_hundred.cを作成してください。

###練習2
以下のように表示するプログラム、kuku.cを作成してください。
```
1　2	  3	  4	  5	  6	  7	  8	  9	
2　4	　6	 8	 10	 12	 14	 16	 18	
3　6	　9	 12	 15	 18	 21	 24	 27	
4　8	　12	 16	 20	 24	 28	 32	 36	
5　10	15	20	25	30	35	40	45	
6　12	18	24	30	36	42	48	54	
7　14	21	28	35	42	49	56	63	
8　16	24	32	40	48	56	64	72	
9　18	27	36	45	54	63	72	81
```

###練習3
年齢を尋ねるプログラム、age.cを作成してください。0未満の値が入力されたとき、0以上の値が入力されるまで
尋ね続けるようにしてください。
```
./a.out
あなたの年齢を教えてください。
3
あなたの年齢は3歳ですね
```

```
あなたの年齢を教えてください。
-1
正しく年齢を入力してください。
-2
正しく年齢を入力してください。
-3
正しく年齢を入力してください。
4
あなたの年齢は4歳ですね
```
